% This file contains a brief summary of the land-surface average results 
% produced by the Berkeley Averaging method.  Temperatures are in 
% Celsius and reported as anomalies relative to the Jan 1951-Dec 1980
% average. Uncertainties represent the 95% confidence interval for 
% statistical and spatial undersampling effects.
% 
% The current dataset presented here is described as: 
% 
%   Estimated Global Land-Surface TAVG based on the Complete Berkeley Dataset
% 
% 
% This analysis was run on 03-Oct-2021 08:32:25
% 
% Results are based on 50592 time series 
%   with 20840588 data points
% 
% Estimated Jan 1951-Dec 1980 absolute temperature (C): 8.61 +/- 0.06
% 
% 
% 
% Year, Annual Anomaly, Annual Unc., Five-year Anomaly, Five-year Unc.
 
  1750      -1.285          NaN              NaN             NaN
  1751      -1.385          NaN              NaN             NaN
  1753      -1.048        1.057              NaN             NaN
  1754      -0.472        1.069              NaN             NaN
  1755      -0.799        0.824           -0.648           0.528
  1756      -0.521        1.410           -0.927           0.498
  1757      -0.399        0.899           -1.121           0.817
  1758      -2.445        0.977           -1.436           1.037
  1759      -1.442        1.773           -1.498           0.997
  1760      -2.371        1.426           -1.599           1.253
  1761      -0.832        1.202           -1.498           1.596
  1762      -0.904        1.854           -1.354           1.527
  1763      -1.942        2.448           -0.984           1.339
  1764      -0.722        1.453           -0.925           1.384
  1765      -0.520        0.850           -0.875           0.957
  1766      -0.535        1.603           -0.896           0.655
  1767      -0.657        1.011           -0.968           0.544
  1768      -2.044        1.025           -1.079           0.635
  1769      -1.082        1.045           -1.195           0.599
  1770      -1.076        0.847           -1.185           0.535
  1771      -1.117        0.827           -0.861           0.479
  1772      -0.605        0.990           -0.647           0.472
  1773      -0.426        0.900           -0.423           0.496
  1774      -0.012        1.303           -0.405           0.615
  1775       0.042        0.793           -0.492           0.497
  1776      -1.026        1.535           -0.574           0.593
  1777      -1.040        0.818           -0.652           0.886
  1778      -0.834        1.305           -0.617           0.593
  1779      -0.402        1.530           -0.506           0.500
  1780       0.220        2.351           -0.437           0.435
  1781      -0.473        1.274           -0.445           0.464
  1782      -0.694        0.971           -0.499           0.762
  1783      -0.877        0.729           -0.719           0.584
  1784      -0.670        2.074           -0.737           0.855
  1785      -0.884        1.036           -0.693           1.026
  1786      -0.560        0.992           -0.575           1.176
  1787      -0.475        1.561           -0.475           0.883
  1788      -0.287        1.298           -0.388           0.768
  1789      -0.169        0.681           -0.307           0.745
  1790      -0.449        0.588           -0.287           0.553
  1791      -0.155        0.782           -0.278           0.567
  1792      -0.377        0.835           -0.222           0.636
  1793      -0.240        1.190           -0.089           0.688
  1794       0.113        0.988           -0.096           0.682
  1795       0.215        0.820           -0.013           0.659
  1796      -0.190        0.963            0.033           0.576
  1797       0.038        0.739           -0.091           0.503
  1798      -0.010        0.987           -0.206           0.453
  1799      -0.505        0.567           -0.101           0.379
  1800      -0.364        0.712           -0.072           0.404
  1801       0.338        0.955           -0.068           0.504
  1802       0.181        0.638            0.047           0.561
  1803       0.009        1.065            0.122           0.496
  1804       0.069        0.584            0.037           0.415
  1805       0.014        0.654           -0.085           0.425
  1806      -0.090        0.703           -0.286           0.404
  1807      -0.426        0.559           -0.586           0.540
  1808      -1.000        0.968           -0.898           0.701
  1809      -1.427        1.259           -1.192           0.688
  1810      -1.547        1.143           -1.387           0.670
  1811      -1.561        0.782           -1.352           0.658
  1812      -1.399        1.064           -1.249           0.671
  1813      -0.826        1.083           -1.210           0.583
  1814      -0.914        1.079           -1.233           0.569
  1815      -1.350        0.568           -1.233           0.556
  1816      -1.674        0.574           -1.130           0.422
  1817      -1.401        0.644           -1.182           0.418
  1818      -0.311        1.160           -1.079           0.446
  1819      -1.173        0.623           -0.871           0.417
  1820      -0.837        0.616           -0.706           0.344
  1821      -0.634        0.570           -0.815           0.332
  1822      -0.575        0.629           -0.625           0.346
  1823      -0.858        0.723           -0.540           0.362
  1824      -0.221        0.471           -0.459           0.411
  1825      -0.413        0.548           -0.314           0.394
  1826      -0.228        0.568           -0.251           0.427
  1827       0.151        0.531           -0.365           0.490
  1828      -0.545        0.849           -0.310           0.533
  1829      -0.792        0.729           -0.459           0.684
  1830      -0.136        0.741           -0.721           0.755
  1831      -0.974        1.304           -0.730           0.661
  1832      -1.160        0.644           -0.667           0.554
  1833      -0.590        0.466           -0.883           0.477
  1834      -0.473        0.415           -0.882           0.316
  1835      -1.216        0.458           -0.901           0.321
  1836      -0.972        0.519           -1.008           0.341
  1837      -1.252        0.600           -1.093           0.381
  1838      -1.125        0.615           -1.020           0.359
  1839      -0.900        0.757           -1.035           0.328
  1840      -0.850        0.434           -0.915           0.313
  1841      -1.046        0.396           -0.788           0.258
  1842      -0.653        0.408           -0.808           0.254
  1843      -0.493        0.395           -0.806           0.247
  1844      -0.997        0.357           -0.612           0.252
  1845      -0.839        0.432           -0.596           0.282
  1846      -0.080        0.486           -0.627           0.300
  1847      -0.571        0.566           -0.560           0.321
  1848      -0.649        0.457           -0.548           0.328
  1849      -0.662        0.390           -0.632           0.325
  1850      -0.778        0.352           -0.638           0.306
  1851      -0.497        0.426           -0.625           0.308
  1852      -0.606        0.380           -0.577           0.284
  1853      -0.581        0.432           -0.518           0.243
  1854      -0.424        0.345           -0.530           0.213
  1855      -0.482        0.273           -0.572           0.205
  1856      -0.556        0.282           -0.539           0.158
  1857      -0.816        0.331           -0.501           0.135
  1858      -0.417        0.234           -0.530           0.180
  1859      -0.233        0.224           -0.555           0.175
  1860      -0.629        0.432           -0.603           0.188
  1861      -0.681        0.302           -0.610           0.202
  1862      -1.058        0.341           -0.683           0.236
  1863      -0.451        0.474           -0.630           0.236
  1864      -0.594        0.342           -0.547           0.220
  1865      -0.369        0.290           -0.358           0.217
  1866      -0.261        0.321           -0.346           0.240
  1867      -0.113        0.331           -0.259           0.281
  1868      -0.392        0.368           -0.273           0.284
  1869      -0.160        0.467           -0.335           0.275
  1870      -0.438        0.350           -0.413           0.255
  1871      -0.572        0.267           -0.401           0.238
  1872      -0.501        0.260           -0.411           0.222
  1873      -0.333        0.283           -0.467           0.190
  1874      -0.210        0.246           -0.452           0.173
  1875      -0.717        0.197           -0.371           0.164
  1876      -0.497        0.201           -0.252           0.158
  1877      -0.099        0.214           -0.295           0.164
  1878       0.265        0.299           -0.262           0.174
  1879      -0.429        0.229           -0.227           0.181
  1880      -0.551        0.215           -0.301           0.163
  1881      -0.321        0.217           -0.468           0.132
  1882      -0.470        0.164           -0.537           0.123
  1883      -0.568        0.142           -0.549           0.114
  1884      -0.773        0.180           -0.610           0.122
  1885      -0.613        0.198           -0.648           0.128
  1886      -0.628        0.189           -0.622           0.139
  1887      -0.656        0.185           -0.517           0.133
  1888      -0.439        0.172           -0.519           0.133
  1889      -0.247        0.157           -0.504           0.124
  1890      -0.623        0.162           -0.478           0.114
  1891      -0.553        0.150           -0.495           0.100
  1892      -0.526        0.133           -0.526           0.104
  1893      -0.529        0.112           -0.481           0.100
  1894      -0.399        0.149           -0.440           0.101
  1895      -0.401        0.131           -0.388           0.102
  1896      -0.345        0.159           -0.364           0.111
  1897      -0.265        0.146           -0.315           0.107
  1898      -0.409        0.179           -0.244           0.112
  1899      -0.155        0.132           -0.182           0.120
  1900      -0.044        0.147           -0.188           0.128
  1901      -0.037        0.158           -0.180           0.119
  1902      -0.294        0.178           -0.250           0.114
  1903      -0.370        0.122           -0.311           0.114
  1904      -0.504        0.111           -0.344           0.102
  1905      -0.350        0.146           -0.408           0.091
  1906      -0.202        0.108           -0.414           0.103
  1907      -0.617        0.123           -0.395           0.109
  1908      -0.400        0.160           -0.399           0.109
  1909      -0.410        0.136           -0.443           0.113
  1910      -0.367        0.142           -0.408           0.112
  1911      -0.423        0.125           -0.388           0.097
  1912      -0.439        0.118           -0.305           0.092
  1913      -0.303        0.099           -0.238           0.088
  1914       0.005        0.112           -0.232           0.083
  1915      -0.032        0.115           -0.266           0.086
  1916      -0.389        0.106           -0.304           0.085
  1917      -0.610        0.129           -0.355           0.082
  1918      -0.492        0.105           -0.405           0.088
  1919      -0.251        0.107           -0.341           0.090
  1920      -0.281        0.129           -0.266           0.092
  1921      -0.071        0.115           -0.212           0.095
  1922      -0.235        0.140           -0.192           0.099
  1923      -0.222        0.115           -0.163           0.094
  1924      -0.152        0.118           -0.137           0.089
  1925      -0.133        0.110           -0.122           0.080
  1926       0.057        0.101           -0.088           0.078
  1927      -0.159        0.096           -0.150           0.070
  1928      -0.051        0.099           -0.139           0.066
  1929      -0.463        0.089           -0.147           0.066
  1930      -0.081        0.094           -0.114           0.068
  1931       0.019        0.101           -0.175           0.067
  1932       0.005        0.101           -0.097           0.071
  1933      -0.354        0.096           -0.120           0.071
  1934      -0.074        0.103           -0.154           0.068
  1935      -0.195        0.094           -0.157           0.064
  1936      -0.154        0.096           -0.052           0.066
  1937      -0.008        0.095           -0.022           0.065
  1938       0.169        0.101            0.032           0.063
  1939       0.079        0.087            0.076           0.060
  1940       0.075        0.085            0.083           0.056
  1941       0.064        0.088            0.062           0.052
  1942       0.029        0.086            0.078           0.053
  1943       0.063        0.083            0.041           0.052
  1944       0.157        0.086            0.027           0.051
  1945      -0.108        0.084            0.044           0.050
  1946      -0.008        0.081            0.043           0.049
  1947       0.116        0.081           -0.009           0.048
  1948       0.057        0.076           -0.049           0.047
  1949      -0.101        0.077           -0.057           0.046
  1950      -0.308        0.069           -0.086           0.046
  1951      -0.048        0.068           -0.057           0.050
  1952      -0.029        0.082           -0.059           0.050
  1953       0.199        0.087           -0.006           0.049
  1954      -0.109        0.072           -0.074           0.043
  1955      -0.044        0.055           -0.070           0.040
  1956      -0.389        0.041           -0.092           0.029
  1957      -0.005        0.057           -0.055           0.022
  1958       0.086        0.025           -0.065           0.021
  1959       0.079        0.023            0.037           0.017
  1960      -0.098        0.059            0.050           0.017
  1961       0.122        0.024            0.069           0.013
  1962       0.060        0.043           -0.002           0.013
  1963       0.183        0.040           -0.012           0.012
  1964      -0.280        0.034           -0.048           0.013
  1965      -0.145        0.023           -0.052           0.016
  1966      -0.061        0.024           -0.120           0.017
  1967       0.041        0.024           -0.078           0.016
  1968      -0.155        0.028           -0.039           0.016
  1969      -0.071        0.026           -0.037           0.019
  1970       0.052        0.041           -0.077           0.019
  1971      -0.051        0.033            0.018           0.022
  1972      -0.158        0.023           -0.002           0.020
  1973       0.321        0.027            0.011           0.016
  1974      -0.172        0.037           -0.031           0.020
  1975       0.117        0.037            0.052           0.021
  1976      -0.262        0.053            0.006           0.027
  1977       0.257        0.038            0.060           0.028
  1978       0.089        0.046            0.111           0.033
  1979       0.101        0.036            0.272           0.028
  1980       0.369        0.048            0.229           0.028
  1981       0.543        0.015            0.297           0.021
  1982       0.044        0.040            0.292           0.020
  1983       0.429        0.041            0.231           0.012
  1984       0.079        0.032            0.172           0.012
  1985       0.059        0.049            0.244           0.016
  1986       0.247        0.024            0.279           0.022
  1987       0.405        0.030            0.330           0.023
  1988       0.605        0.030            0.446           0.025
  1989       0.333        0.032            0.516           0.024
  1990       0.642        0.031            0.482           0.018
  1991       0.596        0.027            0.416           0.016
  1992       0.233        0.027            0.439           0.012
  1993       0.277        0.025            0.460           0.013
  1994       0.448        0.019            0.429           0.010
  1995       0.748        0.018            0.500           0.013
  1996       0.438        0.015            0.630           0.018
  1997       0.588        0.027            0.676           0.023
  1998       0.928        0.038            0.646           0.027
  1999       0.679        0.043            0.720           0.030
  2000       0.599        0.030            0.798           0.031
  2001       0.806        0.028            0.796           0.030
  2002       0.977        0.037            0.805           0.028
  2003       0.917        0.034            0.907           0.029
  2004       0.726        0.041            0.933           0.030
  2005       1.107        0.031            0.965           0.027
  2006       0.937        0.034            0.951           0.021
  2007       1.140        0.028            0.993           0.019
  2008       0.846        0.029            0.994           0.022
  2009       0.936        0.034            0.993           0.019
  2010       1.111        0.030            0.944           0.018
  2011       0.933        0.009            0.976           0.019
  2012       0.892        0.038            0.985           0.021
  2013       1.008        0.040            1.010           0.020
  2014       0.981        0.024            1.111           0.029
  2015       1.238        0.021            1.194           0.030
  2016       1.436        0.050            1.221           0.032
  2017       1.308        0.037            1.295           0.041
  2018       1.144        0.039            1.349           0.047
  2019       1.347        0.066              NaN             NaN
  2020       1.510        0.049              NaN             NaN
